mu=370
sigma=47
ai=1-normcdf(500,370,47)
aii=normcdf(200,370,47)